5521.890 	2894.379 	0.000 B1
5554.274 	2909.787 	0.000 M1
5553.083 	2912.066 	0.000 M1
5567.513 	2918.369 	0.000 M1
5568.758 	2916.092 	0.000 M1
5601.676 	2930.097 	0.000 M1
5622.687 	2883.433 	0.000 M1
5606.012 	2875.437 	0.000 M1
5609.875 	2865.644 	0.000 M1
5613.319 	2867.122 	0.000 M1
5618.660 	2855.743 	0.000 M1
5566.602 	2832.483 	0.000 M1
5561.319 	2843.664 	0.000 M1
5564.277 	2845.233 	0.000 M1
5559.891 	2854.618 	0.000 M1
5556.453 	2853.235 	0.000 M1
5542.317 	2846.917 	0.000 C1
			
5571.277 	2924.254 	0.000 B1
5567.008 	2935.567 	0.000 M1
5567.910 	2938.135 	0.000 M1
5593.482 	2949.412 	0.000 M1
5598.967 	2936.860 	0.000 C1
			
5545.918 	2912.788 	0.000 B1
5540.468 	2924.110 	0.000 M1
5538.821 	2924.744 	0.000 M1
5513.826 	2913.878 	0.000 M1
5518.696 	2900.908 	0.000 C1
			
5590.072 	3046.526 	0.000 B1
5591.160 	3044.435 	0.000 M1
5589.573 	3043.583 	0.000 M1
5596.498 	3027.402 	0.000 M1
5593.572 	3025.698 	0.000 M1
5596.383 	3019.454 	0.000 M1
5597.655 	3019.783 	0.000 M1
5604.233 	3004.724 	0.000 M1
5603.435 	3004.329 	0.000 M1
5609.526 	2991.566 	0.000 M1
5610.194 	2991.708 	0.000 M1
5633.785 	2939.274 	0.000 M1
5632.670 	2938.666 	0.000 M1
5638.761 	2925.846 	0.000 M1
5639.570 	2926.016 	0.000 M1
5646.379 	2911.188 	0.000 M1
5645.183 	2910.498 	0.000 M1
5647.766 	2904.116 	0.000 M1
5651.014 	2905.418 	0.000 M1
5658.372 	2889.282 	0.000 M1
5660.364 	2889.981 	0.000 M1
5661.570 	2887.791 	0.000 M1
5671.290 	2892.013 	0.000 M1
5670.359 	2894.307 	0.000 M1
5671.727 	2895.089 	0.000 M1
5664.666 	2911.321 	0.000 M1
5667.856 	2912.977 	0.000 M1
5664.852 	2919.228 	0.000 M1
5663.534 	2918.849 	0.000 M1
5642.492 	2965.509 	0.000 M1
5645.131 	2966.888 	0.000 M1
5638.428 	2981.895 	0.000 M1
5635.826 	2980.959 	0.000 M1
5615.568 	3027.747 	0.000 M1
5616.501 	3028.306 	0.000 M1
5613.632 	3034.644 	0.000 M1
5609.927 	3033.439 	0.000 M1
5602.955 	3049.612 	0.000 M1
5601.324 	3049.061 	0.000 M1
5600.129 	3051.217 	0.000 C1
			
5432.917 	2976.446 	0.000 B1
5434.079 	2974.275 	0.000 M1
5432.308 	2973.368 	0.000 M1
5439.235 	2957.087 	0.000 M1
5436.319 	2955.692 	0.000 M1
5439.122 	2949.318 	0.000 M1
5440.565 	2949.808 	0.000 M1
5461.122 	2902.976 	0.000 M1
5459.281 	2902.091 	0.000 M1
5465.748 	2886.656 	0.000 M1
5467.969 	2887.543 	0.000 M1
5489.166 	2841.050 	0.000 M1
5487.833 	2840.465 	0.000 M1
5490.774 	2833.788 	0.000 M1
5493.850 	2835.258 	0.000 M1
5501.217 	2819.103 	0.000 M1
5503.202 	2819.881 	0.000 M1
5504.376 	2817.380 	0.000 M1
5514.346 	2821.910 	0.000 M1
5513.169 	2824.211 	0.000 M1
5514.769 	2825.007 	0.000 M1
5507.397 	2841.160 	0.000 M1
5510.848 	2842.743 	0.000 M1
5507.848 	2849.316 	0.000 M1
5506.452 	2848.725 	0.000 M1
5457.961 	2957.362 	0.000 M1
5459.422 	2958.088 	0.000 M1
5456.436 	2964.642 	0.000 M1
5452.719 	2963.049 	0.000 M1
5445.711 	2979.371 	0.000 M1
5444.017 	2978.683 	0.000 M1
5442.935 	2980.976 	0.000 C1
			
5567.888 	2946.952 	0.000 B1
5602.386 	2963.043 	0.000 M1
5577.072 	3013.204 	0.000 M1
5541.797 	2996.399 	0.000 C1
			
5575.468 	3016.325 	0.000 B1
5539.513 	2999.777 	0.000 M1
5522.068 	3036.641 	0.000 M1
5558.126 	3052.739 	0.000 C1
			
5615.965 	2974.273 	0.000 B1
5601.969 	2967.700 	0.000 M1
5581.746 	3012.961 	0.000 M1
5596.949 	3019.828 	0.000 C1
			
5595.527 	3026.737 	0.000 B1
5578.169 	3019.078 	0.000 M1
5561.527 	3054.111 	0.000 M1
5622.253 	3078.134 	0.000 M1
5637.660 	3046.382 	0.000 M1
5629.291 	3038.315 	0.000 M1
5609.745 	3055.507 	0.000 M1
5585.694 	3045.127 	0.000 C1
			
5622.548 	3029.883 	0.000 B1
5641.784 	3037.968 	0.000 M1
5663.355 	2988.497 	0.000 M1
5645.529 	2980.821 	0.000 C1
			
5649.928 	2973.354 	0.000 B1
5665.183 	2977.393 	0.000 M1
5688.534 	2930.785 	0.000 M1
5672.349 	2923.085 	0.000 C1
			
5669.019 	2912.227 	0.000 B1
5693.510 	2922.850 	0.000 M1
5707.053 	2888.615 	0.000 M1
5655.830 	2862.344 	0.000 M1
5650.872 	2875.877 	0.000 M1
5676.634 	2888.868 	0.000 C1
			
5647.936 	2879.803 	0.000 B1
5638.815 	2898.829 	0.000 M1
5651.790 	2905.786 	0.000 M1
5661.327 	2886.058 	0.000 C1
			
5635.684 	2907.008 	0.000 B1
5613.239 	2950.404 	0.000 M1
5627.162 	2956.239 	0.000 M1
5646.152 	2911.333 	0.000 C1
			
5502.291 	2916.816 	0.000 B1
5534.465 	2933.260 	0.000 M1
5532.211 	2932.281 	0.000 M1
5513.523 	2983.161 	0.000 M1
5510.566 	2983.299 	0.000 M1
5477.149 	2968.287 	0.000 M1
5476.263 	2966.345 	0.000 M1
5498.421 	2918.871 	0.000 C1
			
5476.568 	2970.956 	0.000 B1
5510.673 	2985.926 	0.000 M1
5512.009 	2988.222 	0.000 M1
5500.164 	3022.266 	0.000 M1
5490.534 	3022.896 	0.000 M1
5459.799 	3009.350 	0.000 M1
5459.302 	3007.406 	0.000 M1
5475.261 	2972.180 	0.000 C1
			
5460.700 	2963.763 	0.000 B1
5471.094 	2968.516 	0.000 M1
5471.398 	2970.552 	0.000 M1
5454.807 	3006.459 	0.000 M1
5420.640 	2991.469 	0.000 M1
5419.491 	2985.996 	0.000 M1
5431.858 	2954.762 	0.000 M1
5439.965 	2958.183 	0.000 C1
			
5441.004 	2948.392 	0.000 B1
5435.071 	2946.221 	0.000 M1
5456.305 	2898.807 	0.000 M1
5461.033 	2899.793 	0.000 C1
			
5466.455 	2888.338 	0.000 B1
5461.587 	2886.360 	0.000 M1
5491.616 	2813.609 	0.000 M1
5500.628 	2817.226 	0.000 C1
			
5515.985 	2823.824 	0.000 B1
5520.269 	2824.007 	0.000 M1
5531.675 	2829.292 	0.000 M1
5523.906 	2848.046 	0.000 M1
5510.951 	2841.922 	0.000 C1
			
5510.388 	2850.043 	0.000 B1
5520.199 	2855.272 	0.000 M1
5501.146 	2899.007 	0.000 M1
5490.374 	2894.525 	0.000 C1
			
5481.014 	2914.833 	0.000 B1
5494.239 	2920.469 	0.000 M1
5473.964 	2964.917 	0.000 M1
5461.093 	2958.940 	0.000 C1
			
5502.639 	3023.696 	0.000 B1
5497.053 	3028.324 	0.000 M1
5499.801 	3027.211 	0.000 M1
5458.611 	3011.559 	0.000 M1
5451.393 	3008.392 	0.000 M1
5419.374 	2993.549 	0.000 M1
5417.413 	2990.910 	0.000 M1
5417.128 	2983.856 	0.000 M1
5429.445 	2953.237 	0.000 M1
5432.250 	2952.859 	0.000 M1
5437.136 	2955.020 	0.000 M1
5439.216 	2950.308 	0.000 M1
5433.274 	2946.950 	0.000 M1
5453.918 	2898.011 	0.000 M1
5456.867 	2896.997 	0.000 M1
5460.630 	2888.272 	0.000 M1
5459.399 	2885.466 	0.000 M1
5487.835 	2820.778 	0.000 M1
			
5521.434 	2822.233 	0.000 B1
5531.015 	2826.799 	0.000 C1
			
5543.916 	2836.146 	0.000 B1
5577.753 	2826.476 	0.000 M1
5611.900 	2838.422 	0.000 M1
5645.282 	2856.291 	0.000 M1
5703.811 	2886.541 	0.000 M1
5707.332 	2890.428 	0.000 M1
5690.952 	2931.605 	0.000 M1
5627.261 	3076.780 	0.000 M1
5622.008 	3080.828 	0.000 M1
5519.372 	3038.731 	0.000 C1
			
5499.019 	3042.427 	0.000 B3
5498.303 	3036.592 	0.000 M3
5494.934 	3033.104 	0.000 M3
5462.830 	3018.584 	0.000 M3
5414.864 	2997.151 	0.000 C3
			
5415.619 	2976.434 	0.000 B1
5491.027 	2802.968 	0.000 C1
			
5496.383 	2805.333 	0.000 B1
5539.414 	2825.645 	0.000 M1
5554.444 	2828.986 	0.000 M1
5577.634 	2822.272 	0.000 M1
5591.670 	2827.012 	0.000 C1
			
5713.080 	2895.500 	0.000 B1
5644.109 	3052.691 	0.000 C1
