[[  578437.85753966   606095.37945189   593188.01171073   613143.62184218
    449752.25901417   456047.29351681   522111.8173875    608898.41949375
    646014.17299656   590467.73143776   313238.67557628   398942.31696669
    373853.10912424   448563.8760856    511429.96956386   596872.70594301
    616990.56662568   375613.37634651   229452.59248543   245134.14350143
    316616.99501107   268776.32756095   432882.99641235   289074.58840998
    253122.91728102   298314.3702594    269799.99676413   105208.67924206
    127612.35882539   373772.89967425   133952.20552916   258417.23543396
     63356.35726438   138496.23810479    90126.32564739    -3875.01809491]
 [  469685.48629736   532736.59395086   580240.21718358   649873.49226392
    483640.84249237   434511.43278593   423783.87596002   500676.54774848
    415484.64139452   340923.77284669   558889.19524154   655037.98910736
    651755.867077     545219.72322813   655565.54396538   729391.63686742
    721133.33752899   759621.6471955    349988.53619711   413653.22338595
    566548.32163566   261865.59519711   330390.58570442   502884.09279182
    706855.28331295   803704.20145757   778042.01027251   797779.67937424
    701157.56275259   651188.37689075   538222.35031524   505157.59403794
    444260.48904925   413218.27664267   325713.15415683   401698.59485185]
 [-2350689.33532044 -2350158.13662912 -2351094.01701456 -2351039.1035884
  -2351314.53092744 -2350856.61979041 -2350774.63647017 -2351111.25980487
  -2351562.81272191 -2350736.77834357 -2351168.57788763 -2334591.85544696
  -2342992.31735763 -2351109.41122786 -2350242.70329232 -2350561.28433572
  -2349073.71235207 -2350958.64901727 -2351211.37487769 -2351238.19765821
  -2350923.10194735 -2350837.2235273  -2351172.55222639 -2351303.50597734
  -2352339.71297956 -2350813.98373576 -2348987.7187921  -2350918.17493295
  -2340183.7644185  -2349888.46132486 -2351080.95663479 -2351012.30316209
  -2351188.56785587 -2351638.23448529 -2350784.42080808 -2351251.70685582]]