[[  521205.94831035   536432.42625232   538708.11671239   544932.83812127
    542659.20309094   556487.17825451   509939.73134586   502036.71595846
    492273.46830528   493733.19963396   482380.6115961    459404.9663281
    470560.27492664   472110.61068768   481471.75494898   480106.09609809
    473864.43915387   550767.4015529    562044.52122265   564600.16017451
    575738.5321861    563219.41743454   539440.0012201    550735.30612601
    551371.72771031   540639.31083893   527707.22964424   672482.00567949
    670396.25856404   669552.03656163   653414.92214111   651731.50488005
    645502.91412995   645827.11767333   630807.77370392   630417.43723382
    617682.89724065   617824.03860246   565519.99266284   564919.74615869
    552128.38935315   552296.17530201   537504.15534826   536821.1602546
    530456.99063391   531739.56832548   515642.94080429   516330.93032789
    514144.8008575    518315.29872337   520602.71838398   521377.0759399
    537569.08110493   539207.64387231   545445.7056158    545071.93469994
    591616.21953598   592979.8406383    607949.46978949   607026.00233311
    653689.65099143   654244.25479716   660567.06576728   659378.58515797
    675508.74471762   674965.28357024   677116.88582931   603268.87217111
    601101.95724228   600205.00369382   583967.90937722   582589.94692123
    576231.71061953   576714.15203338   530001.90416585   529127.25534407
    513733.22532691   514607.76391009   468225.28065603   467647.81249165
    460986.42739172   462439.02450246   446321.38013602   447088.22653137
    444592.23213254   449068.02498542   451364.99417123   452152.47126646
    468267.69318981   469832.94790846   476389.76735163   475806.71404817
    584174.36625838   584891.45687082   591429.74957522   589857.0270126
    606134.93612341   605455.67222968   607743.57593448   573376.39532815
    589277.6953582    639322.75859241   622715.05546405   642438.93443617
    626091.23297375   662854.81663816   678761.40920293   600419.05082307
    593925.32018673   639066.73900383   645848.31920673   652733.62320003
    645170.82485429   680117.39227674   703826.31757599   672143.64305533
    664143.60808386   681345.51439247   671095.57431671   655768.84168812
    663748.01299484   614409.51353568   606832.04729593   599375.27516528
    603356.57110702   556846.11516158   549234.96253453   538439.98136346
    548920.80374453   514781.61030684   488808.80655814   502299.36459866
    515156.27483273   506218.54262873   525201.85380214   532081.72651619
    512397.33258803   533353.93801579   576654.43911443   582411.14318968
    537625.50393734   543607.96103504   559849.14550545   558906.1200109
    609639.70764988   609787.7571713    594958.58181694   593029.41567841
    545666.9170368    597616.40147611   612402.9253784    614681.68230719
    648623.72828831   649295.58580397   635915.2553261    633979.58324635
    598836.85519694   590516.46456861   595208.49853484   597237.53832218
    633057.52578711   618253.01689316   612803.73086021   581655.64820155
    585029.84337679   575287.06142568   573142.78829873   525841.0919448
    526814.46402456   515394.26195223   513427.07907316   440873.0591777
    444447.04277158   450953.97920261   451112.22952267   456336.66005857
    475043.4472998    468993.92847913   477088.97161226   482255.52531878
    525875.75497216   521455.40785148   541716.16207728   547274.75621234
    591613.35387423   585713.09456306   650043.97276814   654673.32869558
    653555.01090296   638119.88982457   634992.016967     620329.87239384
    617708.07536038   610682.38327045   580146.3232164    579758.6407964
    581893.97017537   577193.13590037   573870.03884814   525057.796179
    524037.17324838   515334.19555721   512545.25332026   448016.16371114
    449343.65020275   453857.54157907   463119.00595005   453364.9154442
    465138.32636414   482814.20072472   512726.74899118   516584.30262662
    557651.86378283   702450.37148863   706496.60034852   664954.64947362
    668709.79503351   662902.50821662   659442.05252562   645101.13437924
    623931.59682263   603297.26846776   430267.7184748    432603.67857593
    452675.96423412   455949.32971382   449179.29514617   453849.02578885
    521615.57383288   678401.40768936]
 [  485513.48031054   517816.11538677   516635.67871177   531026.28498842
    532261.015713     565090.39488513   585849.76261736   569218.63410996
    573022.63632795   576457.0593147    581737.54210839   529813.46452953
    524589.83910435   527545.81401765   523212.02723596   519786.45460771
    505688.28964508   534821.60023228   530619.48961744   531523.07852757
    557025.71957367   562443.2841907    509531.13736358   504141.86661691
    502506.75711213   477582.28709301   482381.50640806   553917.61589959
    554993.91747956   553411.33058621   560250.66532638   557324.82683651
    560104.41007941   561369.29498136   567865.95378951   567069.60247801
    573095.60875054   573758.25430084   597073.57406629   595958.7683033
    601983.68658685   602786.26206675   609517.30807632   608324.03978783
    610872.43357553   614116.23006812   621388.73535044   623378.20136847
    624572.51789692   634263.81845172   633344.31847325   634708.25787497
    627730.85780062   630910.68811986   627938.21580555   626625.91599259
    605829.33016534   608462.66653758   601838.05913913   599246.47603282
    579238.45833434   580168.37776494   577331.45210313   573641.19090555
    566754.94504519   565130.64591867   563946.74732545   397173.28891473
    398324.08666202   396555.55401195   403394.34068055   400484.27041433
    403253.25659148   404691.77913989   424995.75109907   423159.2307834
    429542.59416627   431759.14077242   452712.01594847   451381.17563712
    454287.32719118   457357.95716708   464640.67657027   466621.45046165
    467783.87026372   477728.58114801   476562.56933246   478158.03210705
    470869.85820852   474308.66201342   471344.12377571   469952.34886185
    422040.99872916   423500.96869184   420549.25324675   416840.44817101
    409924.15205277   408234.93181633   407165.27405767   531541.5473265
    565944.34987212   540907.99865786   505725.74400782   539317.45835125
    503454.91649582   486230.43823533   522177.56895517   579490.43619211
    565527.44348559   545555.9491819    560720.08555394   559327.6277989
    542014.58153274   525565.24795076   586096.65823497   601348.24635946
    592983.91420974   573555.13772842   549572.34992378   586245.22423269
    605430.43450172   626733.7731111    608951.73689071   613316.3978038
    628490.05692888   651607.26852558   635467.55452405   632102.14928769
    656545.85679266   669906.23198374   618797.7761905    613919.34811616
    639589.52796839   611012.35055601   601987.95454215   614935.70626801
    624372.11766536   598909.06187571   576702.66134498   590594.74939287
    609343.4028006    466102.07644537   498240.64891599   495939.65145961
    477514.11425171   474571.74665078   441244.03598547   440352.05156552
    462260.332773     440679.4891622    474689.02188631   476033.21010735
    464362.43994862   454754.18355751   424105.91729167   423607.74315377
    439389.81434031   424839.78152103   435214.98710931   435519.93765492
    419118.40975619   385044.14185597   383887.71161461   396091.76667504
    404182.24617952   405157.73392498   399251.06651928   420243.81810116
    424935.82302975   430279.14910548   425456.88923735   455086.23680493
    464063.28155133   479401.2523598    483685.86233048   495057.75337211
    487384.32044192   474455.79829622   473912.75837165   483713.74427178
    464901.15108442   454151.24975953   444894.70623067   458098.4340282
    438061.99628617   425212.87377819   466818.81153615   461272.68105263
    464005.53846804   422930.59116304   415731.30622618   383789.14652357
    381829.50989862   381524.7432541    393680.50590606   396475.13866165
    401347.24429866   403402.07809476   397474.78569367   417862.33702349
    420795.34207902   424512.72085517   423273.79220807   451369.82018482
    484833.69274569   494389.74714135   507270.21150636   540935.03917598
    574983.11478911   608284.88761053   666674.06739308   670193.0639872
    654021.12160734   591098.99026402   585889.55274387   483534.16442511
    463279.54817485   462544.12696217   459177.01181461   427154.05920712
    379314.21721557   379993.82658395   454482.90065643   459826.76680047
    502753.29362269   517730.85170678   540801.45149134   554796.04080604
    675933.78808727   607793.20812764]
 [-2342763.70075632 -2342730.13541299 -2341791.35877733 -2341313.01401395
  -2342247.54535374 -2342211.89504208 -2341797.17449009 -2342274.60888834
  -2339477.71278777 -2339478.25212596 -2339955.63754433 -2339543.33953186
  -2339054.92929097 -2340457.2703884  -2340920.25230751 -2341863.11448141
  -2342341.47040734 -2349744.88640316 -2352575.40853209 -2351619.59059054
  -2351130.10307857 -2350667.72877339 -2350713.31875433 -2350237.94054956
  -2351192.8310694  -2352610.72697773 -2350751.95979472 -2335988.48267182
  -2336006.30509216 -2336466.37096008 -2336008.66177509 -2334173.22099171
  -2334634.34924061 -2333703.21694561 -2333263.67866446 -2333256.88383937
  -2334670.10346306 -2333731.81304295 -2334722.20115018 -2334250.59643242
  -2335197.7947553  -2334270.51107731 -2334750.22873752 -2334751.57734398
  -2334288.84923243 -2335674.29661711 -2336159.01425866 -2337100.82867931
  -2337561.37305786 -2336619.70070665 -2336629.03081964 -2336153.92501253
  -2335668.91661719 -2334738.46756546 -2333794.68313689 -2334264.53385179
  -2333283.38540954 -2333284.36660901 -2332811.15532941 -2333731.40204393
  -2335077.15847135 -2334614.49155734 -2334134.12148734 -2335071.57064979
  -2335517.40085165 -2335988.35287322 -2335520.0428917  -2336148.250985
  -2336616.7079539  -2336160.41588913 -2335240.74141268 -2334789.96073434
  -2334793.51457686 -2334788.41301015 -2333441.38663478 -2333447.16188072
  -2332538.17828494 -2332989.04879998 -2334901.87677351 -2334441.83657029
  -2334913.27328962 -2335367.79732422 -2336321.40435523 -2336785.47956098
  -2337253.80528503 -2337243.769991   -2336775.66447906 -2336308.04134239
  -2335354.39957545 -2334424.16060704 -2334421.86909192 -2334415.57386373
  -2334309.47987456 -2335238.46868819 -2334761.6884124  -2334296.38862191
  -2336142.74145416 -2336144.39197776 -2336149.32837858 -2354482.9735805
  -2352517.6435925  -2351997.57612652 -2352975.52406154 -2350593.66583554
  -2350611.23806977 -2356741.70153428 -2351942.13156012 -2347794.61314886
  -2346872.12534089 -2350108.68009619 -2350576.51979344 -2350556.0358724
  -2350086.27707349 -2350530.84228542 -2343858.70708847 -2349573.80260001
  -2348466.44959747 -2341080.86742111 -2342040.58771685 -2350085.14277343
  -2351006.13182813 -2348698.14458234 -2347376.95520673 -2350627.39617707
  -2340710.47322448 -2348738.83650105 -2349689.4917425  -2346024.6860947
  -2352054.45604605 -2349716.8581828  -2346942.03339627 -2350704.19197517
  -2341359.49311272 -2351668.12407797 -2349285.11579989 -2350205.86851623
  -2352599.21383258 -2352586.96863944 -2350644.68657132 -2352999.76550021
  -2351137.48003254 -2351679.46051026 -2364028.63775561 -2347868.63732198
  -2350165.08346643 -2350641.55749424 -2351627.24859147 -2350671.02522849
  -2353107.23070457 -2353029.20787392 -2351117.46629983 -2352998.82033677
  -2354875.61114402 -2348752.2610124  -2350622.31748421 -2351549.56250279
  -2355436.32463156 -2349321.2149612  -2351633.37960354 -2350219.10084784
  -2348762.64244872 -2349728.25597235 -2352095.23122904 -2351185.09798749
  -2352573.97938171 -2345071.62221672 -2347881.39660058 -2351711.41364182
  -2345610.69192775 -2340545.25245453 -2350780.79826629 -2344259.3609032
  -2340999.247179   -2347577.58684184 -2353182.44137611 -2351301.39921323
  -2350800.60954977 -2348963.74742965 -2345682.23225688 -2349376.09328125
  -2352154.88608242 -2349860.9338186  -2347956.14630028 -2352154.47847197
  -2352093.61942607 -2348848.77960917 -2351068.42187432 -2351056.28632098
  -2351060.67368155 -2350635.16573549 -2350650.30211072 -2349254.64156325
  -2350209.49932107 -2351155.12344806 -2350248.75009469 -2351187.50026106
  -2350714.60391965 -2350720.04958541 -2351198.88253394 -2351249.3354661
  -2351253.13195312 -2351262.27154184 -2350319.12090181 -2351800.93839712
  -2351314.38066511 -2350828.87455613 -2350808.15334049 -2351277.63170359
  -2351707.97428804 -2350744.05741337 -2350679.06903832 -2350673.12151674
  -2349698.31130944 -2350002.65419961 -2352370.08160874 -2351036.68963985
  -2351035.31491035 -2350579.9874082  -2350582.41169488 -2349692.15793585
  -2350669.38940505 -2350694.36234849 -2350871.57728155 -2351341.86975396
  -2351769.64401862 -2351286.51390552 -2351282.24772506 -2351277.86356711
  -2350212.66285299 -2350026.29042026]]